action.png
size:459,1006
filter:Linear,Linear
pma:true
00000
bounds:2,194,226,196
offsets:20,36,280,280
00001
bounds:216,2,183,154
offsets:45,66,280,280
00002
bounds:230,158,226,182
offsets:30,48,280,280
00003
bounds:247,342,243,205
offsets:27,45,280,280
rotate:90
00004
bounds:2,800,252,204
offsets:13,35,280,280
00005
bounds:2,392,243,212
offsets:15,32,280,280
00006
bounds:2,22,212,170
offsets:19,44,280,280
00007
bounds:256,838,166,201
offsets:53,45,280,280
rotate:90
00008
bounds:256,587,249,200
offsets:4,58,280,280
rotate:90
00009
bounds:2,606,250,192
offsets:0,62,280,280
